liczba zwierzat; liczba roslin; liczba wolnych pol; najpopularniajszy genotyp; srednia energia zwierzat; sredni wiek smierci
15; 0; 900; [1, 6, 0]; 10,000000; -1,000000
15; 5; 895; [1, 6, 0]; 8,330000; -1,000000
15; 10; 890; [1, 6, 0]; 7,000000; -1,000000
14; 15; 885; [1, 1, 3]; 6,290000; 2,000000
14; 20; 880; [1, 1, 3]; 5,290000; 2,000000
14; 25; 875; [1, 1, 3]; 4,290000; 2,000000
12; 29; 871; [5, 1, 5]; 4,170000; 4,000000
12; 34; 866; [5, 1, 5]; 3,170000; 4,000000
12; 38; 862; [5, 1, 5]; 2,330000; 4,000000
12; 42; 858; [5, 1, 5]; 1,500000; 4,000000
12; 47; 853; [5, 1, 5]; 0,500000; 4,000000
2; 52; 848; [7, 3, 3]; 2,000000; 8,620000
2; 57; 843; [7, 3, 3]; 1,000000; 8,620000
1; 61; 839; [1, 2, 0]; 3,000000; 8,860000
liczba zwierzat; liczba roslin; liczba wolnych pol; najpopularniajszy genotyp; srednia energia zwierzat; sredni wiek smierci
15; 0; 900; [0, 6, 1]; 10,000000; -1,000000
15; 5; 895; [0, 6, 1]; 8,670000; -1,000000
15; 10; 890; [0, 6, 1]; 7,670000; -1,000000
15; 15; 885; [0, 6, 1]; 6,330000; -1,000000
15; 20; 880; [0, 6, 1]; 5,330000; -1,000000
15; 25; 875; [0, 6, 1]; 4,330000; -1,000000
